XXXXXXXXXXXXXXXXXXXXXXXXXXXXXXXX
XXXXXXXXXXXXXXXXXXXXXXXXXXXXXXXX
XXXXXXXXXXXXXXXXXXXXXXXXXXXXXXXX
XXXXXXXXXXXXXXXXXXXXXXXXXXXXXXXX
11000011100010111100000000000000
11000011011110101111000000000000
11000100000000000011110000000000
01000011010000001100000000000000
01000100111000011011100000000000
01000101101000000010000000000000
01000101100000000000100000000000
00111111111010000000000000000000
01000001101001101000000000000000
01000010010010100000000000000000
01000101100010111101010000000000
01000101100010001100011000000000
01000010000000110000000000000000
01000011100101100000000000000000
01000011010010110000000000000000
01000011001100010000000000000000
01000011100110101000000000000000
01000011000111100000000000000000
01000011111010011000000000000000
01000100000001010100000000000000
01000010111101100000000000000000
11000110000011000001100000000000
11000101110100111101000000000000
01000101000100010011000000000000
11000010110011000000000000000000
11000011010010010000000000000000
01000000101000000000000000000000
01000000111000000000000000000000
01000001001100000000000000000000
01000001011100000000000000000000
01000001100000100000000000000000
01000001100010101000000000000000
01000110000011100010110001000000
01000110000011011010110000000000
01000001001100000000000000000000
01000010101101000000000000000000
01000011000001100000000000000000
01000100100001111110000000000000
01000101001111011000000000000000
01000101011111001111000000000000
01000101011110111101000000000000
01000101011110100111000000000000
01000101011110100011000000000000
01000101000010011010000000000000
01000011010010011010000000000000
00111111011000000000000000000000
01000010110010001000000000000000
01000011100101100000000000000000
01000011011101010000000000000000
01000010110111000000000000000000
01000011000011110000000000000000
01000010100111001000000000000000
00111111010000000000000000000000
00111110100000000000000000000000
11000010110010011000000000000000
01000011010010000000000000000000
01000010110010010000000000000000
11000011110010000000000000000000
11000011001100010000000000000000
01000010100010000000000000000000
01000001101100000000000000000000
01000010000001000000000000000000
01000011000001100000000000000000
10111111100000000000000000000000
11000000000000000000000000000000
01000011000110101000000000000000
01000011000110111100000000000000
00111111010000000000000000000000
01000100111100000101000000000000
01000100111110011011100000000000
11000000011000000000000000000000
01000000000000000000000000000000
01000100001010100101000000000000
01000100110001010100000000000000
01000100011000010100000000000000
01000010000011000000000000000000
11000010011010000000000000000000
11000010101100110000000000000000
01000000101100100000000000000000
01000010010011100100000000000000
00111110100000000000000000000000
01000100001000101111000000000000
10111111000000000000000000000000
11000011111010010100000000000000
11000000101100000000000000000000
11000011111011100000000000000000
11000011000111101000000000000000
01000010111000000000000000000000
11000001101100000000000000000000
01000001111110000000000000000000
01000011001001010000000000000000
11000001000100000000000000000000
01000000000000000000000000000000
01000011001110110000000000000000
01000110000100001110000000000000
01000110010000000101010000000000
01000101010001000111000000000000
01000001001110000000000000000000
01000110000011001000001000000000
01000110000011001000010000000000
.
